[{"id": 0, "img_name": "0001", "width": 1273, "height": 715, "position": [-1.8492544830587896, 1.650676962476524, -1.488834975216325], "rotation": [[0.8391287357643368, -0.09746273271942058, 0.5351298725967454], [0.11474661982530987, 0.9933942952726753, 0.000993659081924073], [-0.531691807397116, 0.06057053615882954, 0.844769218246155]], "fy": 1125.6281481242802, "fx": 1120.2299868285534}, {"id": 1, "img_name": "0002", "width": 1273, "height": 715, "position": [-1.6814709660061513, 1.6814442128101528, -1.5323086798283285], "rotation": [[0.8455960470860444, -0.09352330793328305, 0.5255670423701172], [0.11370825384660006, 0.9934951008065064, -0.006157733400123377], [-0.5215723901431263, 0.06496826568938215, 0.8507299020803843]], "fy": 1125.6281481242802, "fx": 1120.2299868285534}, {"id": 2, "img_name": "0003", "width": 1273, "height": 715, "position": [-1.440580813237444, 1.7501039523034176, -1.6386125166631984], "rotation": [[0.8777922189120894, -0.05923573842975694, 0.4753650678268986], [0.07787865269437318, 0.9967701740967627, -0.019599374623150378], [-0.4726687379887733, 0.05422496956007265, 0.8795703023660526]], "fy": 1125.6281481242802, "fx": 1120.2299868285534}, {"id": 3, "img_name": "0004", "width": 1273, "height": 715, "position": [-1.343141938532144, 1.7861498107686553, -1.5127259983347132], "rotation": [[0.8979172491314501, -0.03537040164130603, 0.43874086702738563], [0.046444586888575105, 0.9988151879493318, -0.014529992102225614], [-0.4377071099045103, 0.03342386885855431, 0.8984961496464897]], "fy": 1125.6281481242802, "fx": 1120.2299868285534}, {"id": 4, "img_name": "0005", "width": 1273, "height": 715, "position": [-1.2703180699650531, 1.7089919899776458, -1.6881602645677136], "rotation": [[0.9046450937392247, -0.00956212149471269, 0.42605847040760697], [0.03263522744291137, 0.9983669212982759, -0.046887443811234275], [-0.4249143399595956, 0.056321011087537835, 0.9034797991138365]], "fy": 1125.6281481242802, "fx": 1120.2299868285534}, {"id": 5, "img_name": "0006", "width": 1273, "height": 715, "position": [-0.8976757663084278, 1.7241746468303156, -1.8220949068422339], "rotation": [[0.9410116935675529, 0.01359022950127635, 0.33810101779087925], [0.0032138265581042732, 0.9987890951850092, -0.04909190012990923], [-0.33835877982990215, 0.04728265011199347, 0.9398285413363473]], "fy": 1125.6281481242802, "fx": 1120.2299868285534}, {"id": 6, "img_name": "0007", "width": 1273, "height": 715, "position": [-0.5422728233263088, 1.6993731864567625, -1.8776843087402781], "rotation": [[0.9621132370319238, 0.03491515924492706, 0.27040534532966376], [-0.021587750108071464, 0.9984082037804268, -0.05210592739039553], [-0.2717942018756559, 0.04429435944726027, 0.9613354885511779]], "fy": 1125.6281481242802, "fx": 1120.2299868285534}, {"id": 7, "img_name": "0008", "width": 1273, "height": 715, "position": [-0.2744302091797565, 1.7592240607056402, -2.026589627428991], "rotation": [[0.9783967263898999, 0.06593819758210094, 0.1959387656620075], [-0.057462894164959706, 0.9971622766620086, -0.04863547878274218], [-0.1985896814633477, 0.03632558467339161, 0.9794093068346975]], "fy": 1125.6281481242802, "fx": 1120.2299868285534}, {"id": 8, "img_name": "0009", "width": 1273, "height": 715, "position": [-0.13072414108406868, 1.7852163686054343, -1.9910686107858548], "rotation": [[0.9832211310424147, 0.08747622331167282, 0.16007535046596386], [-0.08047246033873426, 0.9955151456654466, -0.049737087547778294], [-0.1637082484137731, 0.0360208981819009, 0.9858509544020657]], "fy": 1125.6281481242802, "fx": 1120.2299868285534}, {"id": 9, "img_name": "0010", "width": 1273, "height": 715, "position": [0.04116598253199758, 1.8226745966486413, -1.9175560839403294], "rotation": [[0.9815276820508001, 0.10822315893064267, 0.15776931653225962], [-0.10168443624456118, 0.9936108057079004, -0.04896776701180588], [-0.16206074414740057, 0.0320205348420289, 0.9862611218915716]], "fy": 1125.6281481242802, "fx": 1120.2299868285534}, {"id": 10, "img_name": "0011", "width": 1273, "height": 715, "position": [0.4984678584972373, 1.7865524881855517, -2.0252462967203435], "rotation": [[0.9878139670910688, 0.12607364148412126, 0.09126337350075438], [-0.1228114069717652, 0.9916015856013083, -0.040541999834575584], [-0.09560818342286606, 0.028839770385780204, 0.9950011773393412]], "fy": 1125.6281481242802, "fx": 1120.2299868285534}, {"id": 11, "img_name": "0012", "width": 1273, "height": 715, "position": [0.7674801537904568, 1.6847531913810212, -1.934271005408412], "rotation": [[0.9870740169682499, 0.16017759436858847, 0.005293702716919472], [-0.16004102749689764, 0.9869022687935542, -0.020267742051661614], [-0.008470805386764665, 0.01915855193973104, 0.9997805735978631]], "fy": 1125.6281481242802, "fx": 1120.2299868285534}, {"id": 12, "img_name": "0013", "width": 1273, "height": 715, "position": [1.1370186226923673, 1.618221768171928, -1.8684218303841553], "rotation": [[0.9755131662093832, 0.1965032026050055, -0.09879551567819402], [-0.19607087545558102, 0.9804874462003713, 0.014162614220407493], [0.09965076191493047, 0.005555106610157334, 0.9950069680360654]], "fy": 1125.6281481242802, "fx": 1120.2299868285534}, {"id": 13, "img_name": "0014", "width": 1273, "height": 715, "position": [1.2427950704564041, 1.4014890667099515, -1.934918557169956], "rotation": [[0.9646165594982762, 0.22354037877711752, -0.13980197494274277], [-0.22593678745043602, 0.9741410903937155, -0.0013054053466855207], [0.13589503750426252, 0.03284562471206009, 0.990178622127841]], "fy": 1125.6281481242802, "fx": 1120.2299868285534}, {"id": 14, "img_name": "0015", "width": 1273, "height": 715, "position": [1.2489277157609313, 1.5622770842922018, -2.058154668125617], "rotation": [[0.9658440235572724, 0.2282261743817878, -0.12271159474863358], [-0.22968930973461862, 0.9732613354014937, 0.002279036229536605], [0.11995058629424667, 0.02598434797247947, 0.9924397566140282]], "fy": 1125.6281481242802, "fx": 1120.2299868285534}, {"id": 15, "img_name": "0016", "width": 1273, "height": 715, "position": [1.802203321786069, 1.528127837162409, -2.119368127891132], "rotation": [[0.9489007425699909, 0.2453540258160005, -0.19846607459714902], [-0.24694588196758024, 0.9688786170898501, 0.017086741213978896], [0.1964818366398627, 0.0327967584059907, 0.9799588055161734]], "fy": 1125.6281481242802, "fx": 1120.2299868285534}, {"id": 16, "img_name": "0017", "width": 1273, "height": 715, "position": [2.353146469548259, 1.345109351690791, -1.8008840245474014], "rotation": [[0.8971091723766682, 0.2978309719798291, -0.3263308826439811], [-0.29739125762575275, 0.9533110436092074, 0.05250232395329812], [0.326731652469458, 0.049947635202020474, 0.9437964086667754]], "fy": 1125.6281481242802, "fx": 1120.2299868285534}, {"id": 17, "img_name": "0018", "width": 1273, "height": 715, "position": [2.4950763280869515, 1.208176797002128, -1.5760330374705165], "rotation": [[0.8743426202039288, 0.3265365251790013, -0.359024901948252], [-0.32113251294117606, 0.9439424931840812, 0.07646226973813008], [0.3638665849277917, 0.0484403477015253, 0.9301906477102109]], "fy": 1125.6281481242802, "fx": 1120.2299868285534}, {"id": 18, "img_name": "0019", "width": 1273, "height": 715, "position": [2.6933657763611585, 1.2124103349743676, -1.3408110723861906], "rotation": [[0.8347973111743705, 0.35315531768760505, -0.42236805140186456], [-0.3372384698252405, 0.9344007566795893, 0.11474075294567876], [0.4351823338854321, 0.04665348331665799, 0.8991327981830329]], "fy": 1125.6281481242802, "fx": 1120.2299868285534}, {"id": 19, "img_name": "0020", "width": 1273, "height": 715, "position": [2.97110589068676, 0.9740215967617245, -1.1097296073581184], "rotation": [[0.7614089490680419, 0.401732071795765, -0.508790482192604], [-0.3857189660744268, 0.9115439786835858, 0.14250773360128044], [0.5210348275207476, 0.08774347506442087, 0.8490134222107708]], "fy": 1125.6281481242802, "fx": 1120.2299868285534}, {"id": 20, "img_name": "0021", "width": 1273, "height": 715, "position": [3.0737234137118246, 0.8927859674656651, -0.9034683025378434], "rotation": [[0.7112974201789506, 0.4348582165141328, -0.5522266849554782], [-0.41802809833814886, 0.8933210782733, 0.16501502995915174], [0.5650738792817805, 0.11347150586282179, 0.8171999316633984]], "fy": 1125.6281481242802, "fx": 1120.2299868285534}, {"id": 21, "img_name": "0022", "width": 1273, "height": 715, "position": [3.1811726489294454, 0.7716147982650934, -0.7777054725957409], "rotation": [[0.6899048594339502, 0.43944151621767125, -0.5752585842503659], [-0.4302476847323668, 0.8879925485415333, 0.16234581459695954], [0.5821668272169578, 0.13550050759693363, 0.8016990693078758]], "fy": 1125.6281481242802, "fx": 1120.2299868285534}, {"id": 22, "img_name": "0023", "width": 1273, "height": 715, "position": [3.37642884079415, 0.5330467653530346, -0.5850688193237594], "rotation": [[0.6147471558443136, 0.4705320393824836, -0.6329972624710853], [-0.45035797821892565, 0.868270854345809, 0.20804666531372343], [0.6475056956011188, 0.15717927156008712, 0.7456748961551218]], "fy": 1125.6281481242802, "fx": 1120.2299868285534}, {"id": 23, "img_name": "0024", "width": 1273, "height": 715, "position": [3.5477094788877177, 0.39147199947803807, -0.28674064846563385], "rotation": [[0.5439189551746106, 0.49382029766828656, -0.6784494703458502], [-0.4602264750959969, 0.8516129249769296, 0.25089244235917507], [0.7016721184588095, 0.175775253158808, 0.690477587293377]], "fy": 1125.6281481242802, "fx": 1120.2299868285534}, {"id": 24, "img_name": "0025", "width": 1273, "height": 715, "position": [3.641135310149942, 0.1811198034413339, -0.145456414600733], "rotation": [[0.5101632096695952, 0.5227750276715967, -0.6829639594755919], [-0.4708639771812509, 0.8342650181632323, 0.2868605836676695], [0.7197364896214941, 0.17523741013854013, 0.6717672480817043]], "fy": 1125.6281481242802, "fx": 1120.2299868285534}, {"id": 25, "img_name": "0026", "width": 1273, "height": 715, "position": [3.853981379757444, -0.1299181138799591, 0.1527623440292055], "rotation": [[0.43687290796900435, 0.533859341857518, -0.7239725584538158], [-0.4641176028539549, 0.8232147882698378, 0.32697440740055617], [0.7705432583598435, 0.19316214816910682, 0.6074137564386334]], "fy": 1125.6281481242802, "fx": 1120.2299868285534}, {"id": 26, "img_name": "0027", "width": 1273, "height": 715, "position": [4.1945385090321174, -0.39540989342020866, 0.3380542860561408], "rotation": [[0.32334466973484716, 0.5559180298534384, -0.7657697882770866], [-0.4738769380652957, 0.7955860299839562, 0.37746988815563454], [0.8190780622895005, 0.24082776621112228, 0.5206852359130596]], "fy": 1125.6281481242802, "fx": 1120.2299868285534}, {"id": 27, "img_name": "0028", "width": 1273, "height": 715, "position": [3.95220978322974, -0.5075487081844566, 0.46455452158834326], "rotation": [[0.26665695921488775, 0.589208294850087, -0.7627107258863761], [-0.48007670302659144, 0.7674041445521105, 0.4249908682964397], [0.8357155169753567, 0.2528328780125263, 0.4874988312627174]], "fy": 1125.6281481242802, "fx": 1120.2299868285534}, {"id": 28, "img_name": "0029", "width": 1273, "height": 715, "position": [3.9556660792021336, -0.5954916495227842, 0.4989739194836381], "rotation": [[0.2720680810478763, 0.5905988825735023, -0.7597183156788155], [-0.46815326399064855, 0.7710059830567015, 0.4317201587900099], [0.8407208101919614, 0.23820733404683295, 0.48625691287268313]], "fy": 1125.6281481242802, "fx": 1120.2299868285534}, {"id": 29, "img_name": "0030", "width": 1273, "height": 715, "position": [3.899364577799757, -0.7047202171521594, 0.5252438305750078], "rotation": [[0.2465660078156696, 0.6048459402693775, -0.7572097413065256], [-0.47509768162852606, 0.7564425103776139, 0.44952966687952084], [0.8446818316390159, 0.2489098572440752, 0.4738739138902787]], "fy": 1125.6281481242802, "fx": 1120.2299868285534}, {"id": 30, "img_name": "0031", "width": 1273, "height": 715, "position": [3.837812627460258, -0.6630202883755316, 0.2847902766689111], "rotation": [[0.24353521349426407, 0.6112660264219879, -0.753023535309871], [-0.4959856149309635, 0.7456913446433228, 0.4449075053374433], [0.8334799755062247, 0.26513819692059987, 0.4847812568198529]], "fy": 1125.6281481242802, "fx": 1120.2299868285534}, {"id": 31, "img_name": "0032", "width": 1273, "height": 715, "position": [3.9526309971908593, -1.1199210225959613, 0.3902240076620192], "rotation": [[0.15499872503537043, 0.6356643396852198, -0.7562448297277563], [-0.5129733311348581, 0.7059966967324299, 0.4882898992886342], [0.8442948281150469, 0.3122491176215732, 0.43550744168467687]], "fy": 1125.6281481242802, "fx": 1120.2299868285534}, {"id": 32, "img_name": "0033", "width": 1273, "height": 715, "position": [4.108545211294316, -1.2635473328225457, 0.9453955634894373], "rotation": [[0.020426461371871082, 0.6760232274233923, -0.7365971461116878], [-0.47299068450651305, 0.6556222851085005, 0.5885908864730819], [0.8808306148436732, 0.3363807593385337, 0.33314473236259917]], "fy": 1125.6281481242802, "fx": 1120.2299868285534}, {"id": 33, "img_name": "0034", "width": 1273, "height": 715, "position": [4.053167601833747, -1.4369135913651085, 1.2795674562893036], "rotation": [[-0.0840165410806454, 0.6754055496616731, -0.7326449101106601], [-0.45788946730030916, 0.6268546537323871, 0.6303891487244113], [0.8850302009311791, 0.3884335034214507, 0.2565949275793552]], "fy": 1125.6281481242802, "fx": 1120.2299868285534}, {"id": 34, "img_name": "0035", "width": 1273, "height": 715, "position": [3.910302034048791, -1.781721053359683, 1.71338643652608], "rotation": [[-0.20893315404995075, 0.6831629454810091, -0.6997394708464365], [-0.44104516142840783, 0.5728030077533015, 0.6909239320571845], [0.8728265020720491, 0.45297362421059684, 0.18162817251238264]], "fy": 1125.6281481242802, "fx": 1120.2299868285534}, {"id": 35, "img_name": "0036", "width": 1273, "height": 715, "position": [3.8884773191048723, -1.7658201777583873, 2.1675798392210486], "rotation": [[-0.31339188411838065, 0.6631409024288838, -0.6797276443506889], [-0.4187702837129903, 0.545919669443976, 0.7256742823010345], [0.8523009893504012, 0.5120701690588755, 0.10661691006750082]], "fy": 1125.6281481242802, "fx": 1120.2299868285534}, {"id": 36, "img_name": "0037", "width": 1273, "height": 715, "position": [3.6125859407249235, -1.857327287888434, 2.381468388768546], "rotation": [[-0.3615543758076772, 0.6352250264429765, -0.6824716837458094], [-0.4068884564169046, 0.551103813045564, 0.7285096919611354], [0.8388803355479187, 0.54108571689443, 0.05921173535585051]], "fy": 1125.6281481242802, "fx": 1120.2299868285534}, {"id": 37, "img_name": "0038", "width": 1273, "height": 715, "position": [3.324884236196006, -1.9086550898785817, 2.472544096357554], "rotation": [[-0.42232591541521086, 0.6455584615182258, -0.63631367573778], [-0.3636393328200659, 0.5223615337837221, 0.7713007608250458], [0.8303055201519985, 0.5571289803854564, 0.014143635309932071]], "fy": 1125.6281481242802, "fx": 1120.2299868285534}, {"id": 38, "img_name": "0039", "width": 1273, "height": 715, "position": [3.032449482933773, -1.8751783040346697, 2.5946136850758186], "rotation": [[-0.45713179213229455, 0.6335703722032358, -0.6241947677513563], [-0.3649490341954966, 0.5063905424222332, 0.7812687252060525], [0.8110750440382755, 0.5849420501310958, -0.0002663207458678336]], "fy": 1125.6281481242802, "fx": 1120.2299868285534}, {"id": 39, "img_name": "0040", "width": 1273, "height": 715, "position": [2.8382953629673087, -2.1761708767325927, 3.3059495353645705], "rotation": [[-0.5888115373142316, 0.5695697934099914, -0.5734903869818142], [-0.30664602820201936, 0.49906726688743464, 0.8104937239173615], [0.7478430229089374, 0.6530866049433306, -0.11920024970618377]], "fy": 1125.6281481242802, "fx": 1120.2299868285534}, {"id": 40, "img_name": "0041", "width": 1273, "height": 715, "position": [2.338217030056868, -2.5751813446597764, 3.727102824548129], "rotation": [[-0.7672372323332307, 0.4754293249615727, -0.4304811102571482], [-0.19703832583791545, 0.46401106121762564, 0.86363744315464], [0.6103465634151103, 0.7474360788952297, -0.2623287641359377]], "fy": 1125.6281481242802, "fx": 1120.2299868285534}, {"id": 41, "img_name": "0042", "width": 1273, "height": 715, "position": [2.0316698850017425, -2.4516409635511582, 3.8423695829473736], "rotation": [[-0.8133171864014919, 0.427974344413898, -0.39414859485662895], [-0.19687789795316055, 0.4350369338703374, 0.878625039175552], [0.547498171322522, 0.7921999916007257, -0.2695643257300645]], "fy": 1125.6281481242802, "fx": 1120.2299868285534}, {"id": 42, "img_name": "0043", "width": 1273, "height": 715, "position": [1.6475036477542864, -2.4673784382314077, 4.266143263697745], "rotation": [[-0.8810544835037961, 0.34304212133619383, -0.3256763732404033], [-0.1505049965383938, 0.44942301513366995, 0.8805493736782389], [0.44843198270734047, 0.8248278950528559, -0.34433660918908704]], "fy": 1125.6281481242802, "fx": 1120.2299868285534}, {"id": 43, "img_name": "0044", "width": 1273, "height": 715, "position": [1.1973636116640414, -2.443557350273512, 4.488607800538364], "rotation": [[-0.9397828498460182, 0.2677868152285341, -0.2123638781079654], [-0.06855905621952978, 0.46102147020013307, 0.8847366047727397], [0.3348251050109343, 0.8460197548546172, -0.4149008597847803]], "fy": 1125.6281481242802, "fx": 1120.2299868285534}, {"id": 44, "img_name": "0045", "width": 1273, "height": 715, "position": [0.9643148877266015, -2.349668904323197, 4.534055557663454], "rotation": [[-0.9686732465016232, 0.19618025831518346, -0.15226768455385747], [-0.04123836308850188, 0.4775616792220359, 0.8776298991878125], [0.24489087145458496, 0.8564158737354284, -0.45451106949357856]], "fy": 1125.6281481242802, "fx": 1120.2299868285534}, {"id": 45, "img_name": "0046", "width": 1273, "height": 715, "position": [0.37779875908404653, -2.1057750213666906, 4.777355366755897], "rotation": [[-0.991928844997852, 0.117505722908122, -0.04764002041421674], [0.01991136173588505, 0.5154156358505275, 0.8567089704179706], [0.1252226183045622, 0.848845761846424, -0.5135953353179075]], "fy": 1125.6281481242802, "fx": 1120.2299868285534}, {"id": 46, "img_name": "0047", "width": 1273, "height": 715, "position": [-0.28363101249327677, -2.1662580405451966, 4.547090900599155], "rotation": [[-0.9958710006420812, 0.05210498207545889, 0.07433721089101633], [0.09064974102591764, 0.5269861564942439, 0.8450255708056167], [0.004855361168172364, 0.8482751096821953, -0.5295335341237472]], "fy": 1125.6281481242802, "fx": 1120.2299868285534}, {"id": 47, "img_name": "0048", "width": 1273, "height": 715, "position": [-0.506442929350728, -2.0199632304148034, 4.506444030641915], "rotation": [[-0.9872629857567358, -0.0023672553549260403, 0.1590792037218529], [0.1344224486252238, 0.5224381223656432, 0.8420148535534631], [-0.08510230467086817, 0.8526739144603553, -0.5154656082985174]], "fy": 1125.6281481242802, "fx": 1120.2299868285534}, {"id": 48, "img_name": "0049", "width": 1273, "height": 715, "position": [-0.8904519883315648, -1.8406275000479448, 4.5413928686911325], "rotation": [[-0.9675989827874821, -0.032577179470203416, 0.25038158056533644], [0.19230715071254767, 0.5475037625391213, 0.8144062805445003], [-0.16361591699297282, 0.8361688569800192, -0.5234992591430067]], "fy": 1125.6281481242802, "fx": 1120.2299868285534}, {"id": 49, "img_name": "0050", "width": 1273, "height": 715, "position": [-1.1857890901145822, -1.7087171764509022, 4.400499423578748], "rotation": [[-0.9451030327489296, -0.06313504176957574, 0.32061538327025063], [0.23470356844005932, 0.5515243680952164, 0.8004593096208418], [-0.22736422860748823, 0.8317660956650772, -0.5064293333247945]], "fy": 1125.6281481242802, "fx": 1120.2299868285534}, {"id": 50, "img_name": "0051", "width": 1273, "height": 715, "position": [-1.6524427069343675, -1.5592215290516551, 4.116622383741056], "rotation": [[-0.8821978727332517, -0.11822509980747928, 0.4557957208228663], [0.3237864575867035, 0.5505062664918078, 0.7694837103127683], [-0.34189068900509495, 0.8264173741692279, -0.44737577096089914]], "fy": 1125.6281481242802, "fx": 1120.2299868285534}, {"id": 51, "img_name": "0052", "width": 1273, "height": 715, "position": [-1.716741114321602, -1.527329987906393, 4.029226372648985], "rotation": [[-0.8535773344034876, -0.14531996097054145, 0.5002877603301495], [0.349554410191969, 0.5522918056405508, 0.7568259216871769], [-0.3862867438936801, 0.8208872458296693, -0.4206265340253729]], "fy": 1125.6281481242802, "fx": 1120.2299868285534}, {"id": 52, "img_name": "0053", "width": 1273, "height": 715, "position": [-2.2094632227974027, -1.1423864643192951, 3.930070654779808], "rotation": [[-0.8172184443215821, -0.17481866170180205, 0.5491743345982261], [0.36212949137979883, 0.585528874450165, 0.7252711001123174], [-0.4483483531068466, 0.7915771426120854, -0.4151980028377602]], "fy": 1125.6281481242802, "fx": 1120.2299868285534}, {"id": 53, "img_name": "0054", "width": 1273, "height": 715, "position": [-2.651809160169879, -0.9326411614822366, 3.654832491855969], "rotation": [[-0.7733341566409327, -0.20640935767442836, 0.5994576375665648], [0.3755057821568126, 0.612713565905297, 0.6953973639024065], [-0.5108323499341614, 0.7628743430081034, -0.39632442145380964]], "fy": 1125.6281481242802, "fx": 1120.2299868285534}, {"id": 54, "img_name": "0055", "width": 1273, "height": 715, "position": [-3.0583358200436916, -0.7641639322703443, 3.327118558799909], "rotation": [[-0.6839029137079932, -0.22525103439808503, 0.6939299504447904], [0.4344828169353969, 0.6383396624102173, 0.6354110143693545], [-0.5860899985578999, 0.7360600837544463, -0.3386946511148321]], "fy": 1125.6281481242802, "fx": 1120.2299868285534}, {"id": 55, "img_name": "0056", "width": 1273, "height": 715, "position": [-3.4017003046838123, -0.6766069790017021, 3.04529992064725], "rotation": [[-0.5315484958740717, -0.26485608330971167, 0.8045541943634691], [0.5046263968588761, 0.6638665237255849, 0.5519360816885733], [-0.6803002249942594, 0.6993800782195236, -0.21922388114074942]], "fy": 1125.6281481242802, "fx": 1120.2299868285534}, {"id": 56, "img_name": "0057", "width": 1273, "height": 715, "position": [-3.5076549250304314, -0.7492032805814787, 2.8186486806167346], "rotation": [[-0.4299423525520943, -0.3607886357484652, 0.8276358702936528], [0.49987053330782427, 0.6682445808523634, 0.5509797002540118], [-0.7518503996225059, 0.6506002924040312, -0.10695903940886561]], "fy": 1125.6281481242802, "fx": 1120.2299868285534}, {"id": 57, "img_name": "0058", "width": 1273, "height": 715, "position": [-3.319753601171915, -0.6433892621244862, 2.536645077674527], "rotation": [[-0.4362912266023566, -0.365354869314364, 0.8222930043835316], [0.4974688272289735, 0.6635513486330511, 0.5587704123006949], [-0.7497831229930696, 0.6528517651010396, -0.1077489734485502]], "fy": 1125.6281481242802, "fx": 1120.2299868285534}, {"id": 58, "img_name": "0059", "width": 1273, "height": 715, "position": [-3.869347338680694, -0.346287731063696, 2.019029031508282], "rotation": [[-0.2984711459277967, -0.3882458049423141, 0.8718831171626402], [0.5225602392927544, 0.6979545346029447, 0.4896838407967798], [-0.7986524722048051, 0.6017679474447617, -0.005437469013379239]], "fy": 1125.6281481242802, "fx": 1120.2299868285534}, {"id": 59, "img_name": "0060", "width": 1273, "height": 715, "position": [-4.069197346172736, -0.07923684375765931, 1.6321820375784843], "rotation": [[-0.1502639032017199, -0.4005442028051919, 0.903872281350489], [0.5140859080002901, 0.7492732556537874, 0.41749882342048744], [-0.8444740603417616, 0.527403005263648, 0.09332540623416123]], "fy": 1125.6281481242802, "fx": 1120.2299868285534}, {"id": 60, "img_name": "0061", "width": 1273, "height": 715, "position": [-3.908260095178043, 0.11083338535858069, 1.4634590906742668], "rotation": [[-0.11838368012024317, -0.39696518229018335, 0.9101669892555484], [0.5092276730888878, 0.7626299189963645, 0.3988518316518995], [-0.8524508673475936, 0.5106997657145733, 0.1118627196943437]], "fy": 1125.6281481242802, "fx": 1120.2299868285534}, {"id": 61, "img_name": "0062", "width": 1273, "height": 715, "position": [-3.9017132446326306, 0.34903397343416487, 0.984528201133788], "rotation": [[0.003677638666519625, -0.40891529405409394, 0.9125649331759861], [0.49889290642977785, 0.7916406910158139, 0.3527192711520787], [-0.8666558387779357, 0.4539749977880483, 0.20691630794950433]], "fy": 1125.6281481242802, "fx": 1120.2299868285534}, {"id": 62, "img_name": "0063", "width": 1273, "height": 715, "position": [-3.7947582180566513, 0.5119385829935211, 0.6300899430967009], "rotation": [[0.1544163348136455, -0.4048860108745006, 0.9012341059574108], [0.4827224723526293, 0.8268061640233652, 0.28873964365624133], [-0.8620525565349741, 0.39045983830747805, 0.3231199536401504]], "fy": 1125.6281481242802, "fx": 1120.2299868285534}, {"id": 63, "img_name": "0064", "width": 1273, "height": 715, "position": [-3.737103774218204, 0.5915851192498638, 0.4718656495339578], "rotation": [[0.2477202763339045, -0.3927794250045673, 0.885640439448276], [0.46526438575095747, 0.8500529007266734, 0.24685849654802758], [-0.849802162885479, 0.35090510007586057, 0.39332161737681287]], "fy": 1125.6281481242802, "fx": 1120.2299868285534}, {"id": 64, "img_name": "0065", "width": 1273, "height": 715, "position": [-3.680655719150328, 0.7115658754656858, 0.18903003243386526], "rotation": [[0.28056238393715277, -0.38331294853331693, 0.8799749611245743], [0.45950501772605584, 0.8585508029332587, 0.22747671851693793], [-0.8426979811320772, 0.3405314996727202, 0.41701128321254016]], "fy": 1125.6281481242802, "fx": 1120.2299868285534}, {"id": 65, "img_name": "0066", "width": 1273, "height": 715, "position": [-3.5158565040086245, 0.8793144402223743, -0.08592745157605662], "rotation": [[0.40247199773937953, -0.37425132424952345, 0.8354353579620335], [0.42271807992411753, 0.8854676336279402, 0.19301941535141795], [-0.81198874126489, 0.2754687207194564, 0.5145787286356148]], "fy": 1125.6281481242802, "fx": 1120.2299868285534}, {"id": 66, "img_name": "0067", "width": 1273, "height": 715, "position": [-3.3764232927881577, 1.0522829169537526, -0.36744236874601627], "rotation": [[0.49084504522023514, -0.3480856524599532, 0.7986911293699672], [0.3876757122393794, 0.9082280424157442, 0.15757336421284865], [-0.7802427082148445, 0.23228904735521613, 0.5807435877875632]], "fy": 1125.6281481242802, "fx": 1120.2299868285534}, {"id": 67, "img_name": "0068", "width": 1273, "height": 715, "position": [-3.3021983313931433, 1.178734167936727, -0.5943454926369499], "rotation": [[0.5491209983400736, -0.32343425523228614, 0.7706207963222491], [0.3647333792148242, 0.922378502299711, 0.1272299515911143], [-0.7519545805888388, 0.2112064890993608, 0.6244646728949407]], "fy": 1125.6281481242802, "fx": 1120.2299868285534}, {"id": 68, "img_name": "0069", "width": 1273, "height": 715, "position": [-3.120916738449071, 1.2499755686480798, -0.8276109877846913], "rotation": [[0.5767887015948651, -0.3015906759706424, 0.7591823614126456], [0.33903404219957056, 0.9339118443383629, 0.11342215495368191], [-0.7432164637185654, 0.19196804726851874, 0.6409193060640179]], "fy": 1125.6281481242802, "fx": 1120.2299868285534}, {"id": 69, "img_name": "0070", "width": 1273, "height": 715, "position": [-2.7677766054373576, 1.345939862762988, -0.9119045828919387], "rotation": [[0.584215956873532, -0.31385741642506243, 0.7484552343923638], [0.3417146336572166, 0.9315971755571989, 0.12392663813064363], [-0.7361540768608552, 0.18335818675159893, 0.6515036074131195]], "fy": 1125.6281481242802, "fx": 1120.2299868285534}, {"id": 70, "img_name": "0071", "width": 1273, "height": 715, "position": [-2.3058577967107805, 1.4873358940449035, -1.2296327968893082], "rotation": [[0.6887977025631973, -0.2844703390554199, 0.666809081477866], [0.2925490224399415, 0.9506476631458897, 0.10336387195095613], [-0.66330445077136, 0.12387754741257001, 0.7380254459257829]], "fy": 1125.6281481242802, "fx": 1120.2299868285534}, {"id": 71, "img_name": "0072", "width": 1273, "height": 715, "position": [-2.0113760878620925, 1.4833059444361083, -1.4719853066434758], "rotation": [[0.7823319024002543, -0.23278326037431732, 0.5777272264454062], [0.24069259682169228, 0.9684698610070699, 0.06428998488238216], [-0.5744770389859192, 0.08875856020942108, 0.8136940762150855]], "fy": 1125.6281481242802, "fx": 1120.2299868285534}, {"id": 72, "img_name": "0073", "width": 1273, "height": 715, "position": [-1.940675304570861, 1.5034484596534725, -1.530635406165007], "rotation": [[0.8373188993698635, -0.16879884442421025, 0.5200038566002098], [0.17205168920587363, 0.9841735981088066, 0.04243282958949268], [-0.5189366791810401, 0.053937731752611975, 0.8531092802765291]], "fy": 1125.6281481242802, "fx": 1120.2299868285534}, {"id": 73, "img_name": "0074", "width": 1273, "height": 715, "position": [-1.830725964243829, 1.5762119668444694, -1.60789915708381], "rotation": [[0.8573588974083899, -0.1535738059780186, 0.49127467587093837], [0.1616672095014234, 0.9864962995022998, 0.026244322058145503], [-0.4886710902096547, 0.056922202923768574, 0.8706092283037279]], "fy": 1125.6281481242802, "fx": 1120.2299868285534}, {"id": 74, "img_name": "0075", "width": 1273, "height": 715, "position": [-1.4182858644744725, 1.6204063087612268, -1.7663606062372446], "rotation": [[0.8983184330835539, -0.1319399667007976, 0.4190654339948607], [0.1317530811677239, 0.990842587007615, 0.02953122711416134], [-0.41912422786701276, 0.028684716471484354, 0.9074756573351326]], "fy": 1125.6281481242802, "fx": 1120.2299868285534}, {"id": 75, "img_name": "0076", "width": 1273, "height": 715, "position": [-1.021933980632013, 1.6296564080095495, -1.9165342110469539], "rotation": [[0.9325185991946486, -0.09229928193776514, 0.34912734741040147], [0.09244102815662548, 0.9955848291361423, 0.01629430290942487], [-0.3490898429765556, 0.01707895042826272, 0.9369336107659243]], "fy": 1125.6281481242802, "fx": 1120.2299868285534}, {"id": 76, "img_name": "0077", "width": 1273, "height": 715, "position": [-0.7169174681644429, 1.5490374579892277, -2.0611021951098416], "rotation": [[0.9621402331755878, -0.06332969494635458, 0.26509530633873357], [0.059881294432344696, 0.9979829341389703, 0.021078276601234156], [-0.2658954724735496, -0.004406007872548648, 0.9639917970671196]], "fy": 1125.6281481242802, "fx": 1120.2299868285534}, {"id": 77, "img_name": "0078", "width": 1273, "height": 715, "position": [-0.5731280189554604, 1.5428830639391364, -2.0805836662280646], "rotation": [[0.9730263379252629, -0.01856129810056388, 0.22994613264104674], [0.019301007656696175, 0.9998132497316667, -0.0009678659203500139], [-0.22988522529120486, 0.005379951098813356, 0.9732028767523173]], "fy": 1125.6281481242802, "fx": 1120.2299868285534}, {"id": 78, "img_name": "0079", "width": 1273, "height": 715, "position": [-0.17433106386801858, 1.5254026969992098, -2.0790021629818525], "rotation": [[0.9871929701626007, 0.01692426343171824, 0.15863041627896116], [-0.01894238101652512, 0.9997576343448038, 0.011218679543793283], [-0.1584021018262305, -0.014079839366105773, 0.9872742943379296]], "fy": 1125.6281481242802, "fx": 1120.2299868285534}, {"id": 79, "img_name": "0080", "width": 1273, "height": 715, "position": [0.18907288608362832, 1.2355317624418614, -1.9410015456821192], "rotation": [[0.9951044170035733, 0.04836138703399018, 0.08618802413402402], [-0.054077088316940365, 0.9964016593671123, 0.06526409219185446], [-0.08272162824280196, -0.06960538380480101, 0.9941389353436704]], "fy": 1125.6281481242802, "fx": 1120.2299868285534}, {"id": 80, "img_name": "0081", "width": 1273, "height": 715, "position": [0.5239969159837042, 0.8829314232053574, -1.9606542579979878], "rotation": [[0.9968643105777751, 0.07712802926026534, 0.01768653156287657], [-0.07894882920257834, 0.984534284414112, 0.15639477350837075], [-0.0053505760287181, -0.1573006990309328, 0.9875362582814573]], "fy": 1125.6281481242802, "fx": 1120.2299868285534}, {"id": 81, "img_name": "0082", "width": 1273, "height": 715, "position": [0.5951351327252888, 0.4747077211798055, -1.975264736819076], "rotation": [[0.9891910251021446, 0.14466936501436772, -0.023914236005105474], [-0.1348406055685784, 0.9615405397022198, 0.23928602466308624], [0.05761186463973639, -0.233474977964457, 0.9706545769310673]], "fy": 1125.6281481242802, "fx": 1120.2299868285534}, {"id": 82, "img_name": "0083", "width": 1273, "height": 715, "position": [0.4312647974779236, 0.1256597251820335, -1.6842283779763119], "rotation": [[0.9826835003089182, 0.18515463035464524, 0.0071344992008689915], [-0.1783558482591556, 0.9347600716310165, 0.30726665923287877], [0.050222799726514694, -0.3032183558800681, 0.9515967102953955]], "fy": 1125.6281481242802, "fx": 1120.2299868285534}, {"id": 83, "img_name": "0084", "width": 1273, "height": 715, "position": [0.3907123176204204, -0.1547261392283235, -1.3690866427367516], "rotation": [[0.9811539524622197, 0.18921741130321953, 0.03916239047188929], [-0.18900367803492166, 0.8976424695508182, 0.3981401845430578], [0.040181230158323374, -0.3980386515382854, 0.9164882435822879]], "fy": 1125.6281481242802, "fx": 1120.2299868285534}, {"id": 84, "img_name": "0085", "width": 1273, "height": 715, "position": [0.7358351602994477, -0.558029856132371, -1.1473959383452017], "rotation": [[0.9570207368848683, 0.28689766794718663, -0.042438629794206206], [-0.2318909193105364, 0.8448503128252944, 0.4821354067690076], [0.17417781349430847, -0.45157244938710345, 0.8750682329057969]], "fy": 1125.6281481242802, "fx": 1120.2299868285534}, {"id": 85, "img_name": "0086", "width": 1273, "height": 715, "position": [1.1065920835859633, -0.7783367539118257, -0.9633044542407015], "rotation": [[0.9016261001986198, 0.4152441717767502, -0.12100683140248483], [-0.2834047908530656, 0.7785402730702636, 0.5599613984277931], [0.3267293986805576, -0.4705818961808032, 0.8196344179112545]], "fy": 1125.6281481242802, "fx": 1120.2299868285534}, {"id": 86, "img_name": "0087", "width": 1273, "height": 715, "position": [1.0728525893011496, -0.9044649575679005, -0.6975648367340512], "rotation": [[0.8621813845219745, 0.4859670875177057, -0.14310573026028597], [-0.3277321834639792, 0.750458688127601, 0.5739367328684695], [0.38630930108619416, -0.447937213528145, 0.806298565440208]], "fy": 1125.6281481242802, "fx": 1120.2299868285534}, {"id": 87, "img_name": "0088", "width": 1273, "height": 715, "position": [1.4096246477389707, -1.1120829743617202, -0.4608457470364881], "rotation": [[0.7190413431327125, 0.6543980475206156, -0.23397166979596287], [-0.4081002534315494, 0.6700945598696841, 0.6200221479771181], [0.562524426149665, -0.3503376603139612, 0.7488857013928959]], "fy": 1125.6281481242802, "fx": 1120.2299868285534}, {"id": 88, "img_name": "0089", "width": 1273, "height": 715, "position": [1.516472047805644, -1.1694077409766122, -0.3326271051529102], "rotation": [[0.6025878359951233, 0.7432165356404078, -0.2907182159091252], [-0.44626349271928284, 0.6158141953920475, 0.6493240884332196], [0.6616168037290929, -0.2615378708797552, 0.7027525504179857]], "fy": 1125.6281481242802, "fx": 1120.2299868285534}, {"id": 89, "img_name": "0090", "width": 1273, "height": 715, "position": [1.6862632824190509, -1.3468677740857564, -0.07653919812062325], "rotation": [[0.5597602208733407, 0.7631496615900236, -0.3229103422667986], [-0.47529511282793746, 0.6148920201895242, 0.62928718342989], [0.6787952937739823, -0.19877222522847152, 0.7069133975445754]], "fy": 1125.6281481242802, "fx": 1120.2299868285534}, {"id": 90, "img_name": "0112", "width": 1273, "height": 715, "position": [-2.4703483771302683, -1.3566101593952409, 0.8846995480256589], "rotation": [[-0.1941868622044717, -0.7168822355092687, 0.6696053486632366], [0.49965877574656, 0.5151323815180846, 0.6964048659587007], [-0.8441756750621462, 0.469806864490867, 0.25816455936210475]], "fy": 1125.6281481242802, "fx": 1120.2299868285534}, {"id": 91, "img_name": "0113", "width": 1273, "height": 715, "position": [-2.5800487947980413, -1.0509589950973595, 0.5357689815881561], "rotation": [[-0.06249050951300656, -0.7318821773141878, 0.6785598092656597], [0.507650804654722, 0.5620592604208887, 0.6529778314066542], [-0.8592936615349948, 0.3852763505653669, 0.33641720666579245]], "fy": 1125.6281481242802, "fx": 1120.2299868285534}, {"id": 92, "img_name": "0114", "width": 1273, "height": 715, "position": [-2.6039053937087178, -0.8044579469949006, 0.10219893413630264], "rotation": [[0.14866417440003685, -0.7229562667395452, 0.674709715086403], [0.4706384963925568, 0.6517913105205628, 0.594699498270547], [-0.8697116585186773, 0.22913385588320825, 0.4371490673955334]], "fy": 1125.6281481242802, "fx": 1120.2299868285534}, {"id": 93, "img_name": "0115", "width": 1273, "height": 715, "position": [-2.324904186460785, -0.6540626025143866, -0.22889311717786096], "rotation": [[0.2668481020916841, -0.6942921724273495, 0.6683939479948764], [0.44987932550823795, 0.7030807328874854, 0.5507141504652384], [-0.8522914307267903, 0.15373959265104026, 0.4999634534255209]], "fy": 1125.6281481242802, "fx": 1120.2299868285534}, {"id": 94, "img_name": "0116", "width": 1273, "height": 715, "position": [-1.9879376869848684, -0.3375244203908692, -1.0320671777072346], "rotation": [[0.47649259901103924, -0.6326400812899367, 0.6105090749801899], [0.40248278744388216, 0.7743358148854884, 0.4882741561838279], [-0.7816408439296834, 0.01306037254785856, 0.6235920283084154]], "fy": 1125.6281481242802, "fx": 1120.2299868285534}, {"id": 95, "img_name": "0117", "width": 1273, "height": 715, "position": [-1.8084825757433238, -0.26057065761392834, -1.0839060172975872], "rotation": [[0.5767425615517838, -0.6065398475875403, 0.5472453115223288], [0.3801491612222294, 0.7921995962283499, 0.477395449242737], [-0.7230868778485212, -0.06729942811140956, 0.6874708386972898]], "fy": 1125.6281481242802, "fx": 1120.2299868285534}, {"id": 96, "img_name": "0118", "width": 1273, "height": 715, "position": [-1.373020153268319, -0.4978044687323939, -1.017381472202804], "rotation": [[0.6534423916879181, -0.5869730292539942, 0.47799132175549286], [0.3278716398909122, 0.7886079204011809, 0.5201900956725037], [-0.6822852984642256, -0.18319446173100967, 0.7077616552842265]], "fy": 1125.6281481242802, "fx": 1120.2299868285534}, {"id": 97, "img_name": "0119", "width": 1273, "height": 715, "position": [-0.9811628235687927, -0.7916650592225257, -0.8791544594536996], "rotation": [[0.736786669386264, -0.5414236596665613, 0.404976325935188], [0.2573823029397984, 0.7784668421460146, 0.5724890617405869], [-0.6252197645213255, -0.31756856965461705, 0.7129168602434779]], "fy": 1125.6281481242802, "fx": 1120.2299868285534}, {"id": 98, "img_name": "0132", "width": 1273, "height": 715, "position": [1.0465419789686001, -0.936256553000602, -0.19262532160514015], "rotation": [[0.8783874592474008, -0.47413124828244, -0.0602912169310822], [0.396093134941226, 0.6515387857646838, 0.6469987937366751], [-0.26748027944005043, -0.5921965636901451, 0.7601036311347662]], "fy": 1125.6281481242802, "fx": 1120.2299868285534}, {"id": 99, "img_name": "0133", "width": 1273, "height": 715, "position": [1.0186047278311334, -0.8808852009565493, -0.191007124658012], "rotation": [[0.8758521159250199, -0.47834218090224845, -0.06381088464632044], [0.3985002279306665, 0.6423247991371881, 0.65468803315211], [-0.2721775879253697, -0.5988385511830812, 0.7532010025538176]], "fy": 1125.6281481242802, "fx": 1120.2299868285534}]